a contact 26632.621 27049.279 03 05 160000 0.1
a contact 26632.621 27049.279 05 03 160000 0.1
a contact 32287.444 32936.856 03 05 160000 0.1
a contact 32287.444 32936.856 05 03 160000 0.1
a contact 38156.960 38722.325 03 05 160000 0.1
a contact 38156.960 38722.325 05 03 160000 0.1
a contact 44120.944 44526.465 03 05 160000 0.1
a contact 44120.944 44526.465 05 03 160000 0.1
a contact 49998.545 50454.036 03 05 160000 0.1
a contact 49998.545 50454.036 05 03 160000 0.1
a contact 55783.315 56399.738 03 05 160000 0.1
a contact 55783.315 56399.738 05 03 160000 0.1
a contact 61586.986 62206.974 03 05 160000 0.1
a contact 61586.986 62206.974 05 03 160000 0.1
a contact 110307.091 110454.126 03 05 160000 0.1
a contact 110307.091 110454.126 05 03 160000 0.1
a contact 115822.219 116456.897 03 05 160000 0.1
a contact 115822.219 116456.897 05 03 160000 0.1
a contact 121650.340 122253.207 03 05 160000 0.1
a contact 121650.340 122253.207 05 03 160000 0.1
a contact 127604.488 128042.095 03 05 160000 0.1
a contact 127604.488 128042.095 05 03 160000 0.1
a contact 133517.749 133935.900 03 05 160000 0.1
a contact 133517.749 133935.900 05 03 160000 0.1
a contact 139314.032 139896.845 03 05 160000 0.1
a contact 139314.032 139896.845 05 03 160000 0.1
a contact 145103.790 145748.080 03 05 160000 0.1
a contact 145103.790 145748.080 05 03 160000 0.1
a contact 151026.262 151356.483 03 05 160000 0.1
a contact 151026.262 151356.483 05 03 160000 0.1
a contact 199371.633 199968.854 03 05 160000 0.1
a contact 199371.633 199968.854 05 03 160000 0.1
a contact 205152.099 205783.324 03 05 160000 0.1
a contact 205152.099 205783.324 05 03 160000 0.1
a contact 211085.165 211564.838 03 05 160000 0.1
a contact 211085.165 211564.838 05 03 160000 0.1
a contact 217028.041 217422.746 03 05 160000 0.1
a contact 217028.041 217422.746 05 03 160000 0.1
a contact 222844.391 223386.064 03 05 160000 0.1
a contact 222844.391 223386.064 05 03 160000 0.1
a contact 228626.586 229275.798 03 05 160000 0.1
a contact 228626.586 229275.798 05 03 160000 0.1
a contact 234485.441 234973.380 03 05 160000 0.1
a contact 234485.441 234973.380 05 03 160000 0.1
