
a contact 4461.605 5070.38 01 05 160000 0.1
a contact 4461.605 5070.38 05 01 160000 0.1
a contact 10244.207 10884.4 01 05 160000 0.1
a contact 10244.207 10884.4 05 01 160000 0.1
a contact 16129.655 16695.916 01 05 160000 0.1
a contact 16129.655 16695.916 05 01 160000 0.1
a contact 22002.707 22566.722 01 05 160000 0.1
a contact 22002.707 22566.722 05 01 160000 0.1
a contact 27815.666 28453.626 01 05 160000 0.1
a contact 27815.666 28453.626 05 01 160000 0.1
a contact 33627.946 34241.509 01 05 160000 0.1
a contact 33627.946 34241.509 05 01 160000 0.1
a contact 88021.514 88578.228 01 05 160000 0.1
a contact 88021.514 88578.228 05 01 160000 0.1
a contact 93759.645 94409.621 01 05 160000 0.1
a contact 93759.645 94409.621 05 01 160000 0.1
a contact 99629.401 100213.884 01 05 160000 0.1
a contact 99629.401 100213.884 05 01 160000 0.1
a contact 105515.481 106068.016 01 05 160000 0.1
a contact 105515.481 106068.016 05 01 160000 0.1
a contact 111340.672 111961.538 01 05 160000 0.1
a contact 111340.672 111961.538 05 01 160000 0.1
a contact 117144.866 117784.781 01 05 160000 0.1
a contact 117144.866 117784.781 05 01 160000 0.1
a contact 123050.208 123401.56 01 05 160000 0.1
a contact 123050.208 123401.56 05 01 160000 0.1
a contact 171602.181 172071.369 01 05 160000 0.1
a contact 171602.181 172071.369 05 01 160000 0.1
a contact 177283.289 177933.199 01 05 160000 0.1
a contact 177283.289 177933.199 05 01 160000 0.1
a contact 183129.981 183735.188 01 05 160000 0.1
a contact 183129.981 183735.188 05 01 160000 0.1
a contact 189023.249 189572.372 01 05 160000 0.1
a contact 189023.249 189572.372 05 01 160000 0.1
a contact 194863.93 195464.565 01 05 160000 0.1
a contact 194863.93 195464.565 05 01 160000 0.1
a contact 200666.079 201316.313 01 05 160000 0.1
a contact 200666.079 201316.313 05 01 160000 0.1
a contact 206520.509 207010.038 01 05 160000 0.1
a contact 206520.509 207010.038 05 01 160000 0.1
a contact 255221.071 255532.301 01 05 160000 0.1
a contact 255221.071 255532.301 05 01 160000 0.1
