a contact 20940.774 21413.995 02 05 160000 0.1
a contact 20940.774 21413.995 05 02 160000 0.1
a contact 26633.704 27281.900 02 05 160000 0.1
a contact 26633.704 27281.900 05 02 160000 0.1
a contact 32565.602 33029.997 02 05 160000 0.1
a contact 32565.602 33029.997 05 02 160000 0.1
a contact 50284.464 50806.709 02 05 160000 0.1
a contact 50284.464 50806.709 05 02 160000 0.1
a contact 56047.843 56696.627 02 05 160000 0.1
a contact 56047.843 56696.627 05 02 160000 0.1
a contact 61974.565 62312.693 02 05 160000 0.1
a contact 61974.565 62312.693 05 02 160000 0.1
a contact 104574.958 104853.192 02 05 160000 0.1
a contact 104574.958 104853.192 05 02 160000 0.1
a contact 110159.255 110806.719 02 05 160000 0.1
a contact 110159.255 110806.719 05 02 160000 0.1
a contact 116036.671 116574.989 02 05 160000 0.1
a contact 116036.671 116574.989 05 02 160000 0.1
a contact 133830.508 134274.540 02 05 160000 0.1
a contact 133830.508 134274.540 05 02 160000 0.1
a contact 139574.184 140218.925 02 05 160000 0.1
a contact 139574.184 140218.925 05 02 160000 0.1
a contact 145429.667 145929.818 02 05 160000 0.1
a contact 145429.667 145929.818 05 02 160000 0.1
a contact 193700.117 194322.791 02 05 160000 0.1
a contact 193700.117 194322.791 05 02 160000 0.1
a contact 199521.609 200115.225 02 05 160000 0.1
a contact 199521.609 200115.225 05 02 160000 0.1
a contact 205565.836 205821.641 02 05 160000 0.1
a contact 205565.836 205821.641 05 02 160000 0.1
a contact 217382.500 217726.517 02 05 160000 0.1
a contact 217382.500 217726.517 05 02 160000 0.1
a contact 223106.374 223727.095 02 05 160000 0.1
a contact 223106.374 223727.095 05 02 160000 0.1
a contact 228920.247 229506.295 02 05 160000 0.1
a contact 228920.247 229506.295 05 02 160000 0.1
