
a contact 4461.605 5070.38 01 05 160000 0.1
a contact 4461.605 5070.38 05 01 160000 0.1
a contact 10244.207 10884.4 01 05 160000 0.1
a contact 10244.207 10884.4 05 01 160000 0.1
a contact 16129.655 16695.916 01 05 160000 0.1
a contact 16129.655 16695.916 05 01 160000 0.1
a contact 22002.707 22566.722 01 05 160000 0.1
a contact 22002.707 22566.722 05 01 160000 0.1
a contact 27815.666 28453.626 01 05 160000 0.1
a contact 27815.666 28453.626 05 01 160000 0.1
a contact 33627.946 34241.509 01 05 160000 0.1
a contact 33627.946 34241.509 05 01 160000 0.1
a contact 88021.514 88578.228 01 05 160000 0.1
a contact 88021.514 88578.228 05 01 160000 0.1
a contact 93759.645 94409.621 01 05 160000 0.1
a contact 93759.645 94409.621 05 01 160000 0.1
a contact 99629.401 100213.884 01 05 160000 0.1
a contact 99629.401 100213.884 05 01 160000 0.1
a contact 105515.481 106068.016 01 05 160000 0.1
a contact 105515.481 106068.016 05 01 160000 0.1
a contact 111340.672 111961.538 01 05 160000 0.1
a contact 111340.672 111961.538 05 01 160000 0.1
a contact 117144.866 117784.781 01 05 160000 0.1
a contact 117144.866 117784.781 05 01 160000 0.1
a contact 123050.208 123401.56 01 05 160000 0.1
a contact 123050.208 123401.56 05 01 160000 0.1
a contact 171602.181 172071.369 01 05 160000 0.1
a contact 171602.181 172071.369 05 01 160000 0.1
a contact 177283.289 177933.199 01 05 160000 0.1
a contact 177283.289 177933.199 05 01 160000 0.1
a contact 183129.981 183735.188 01 05 160000 0.1
a contact 183129.981 183735.188 05 01 160000 0.1
a contact 189023.249 189572.372 01 05 160000 0.1
a contact 189023.249 189572.372 05 01 160000 0.1
a contact 194863.93 195464.565 01 05 160000 0.1
a contact 194863.93 195464.565 05 01 160000 0.1
a contact 200666.079 201316.313 01 05 160000 0.1
a contact 200666.079 201316.313 05 01 160000 0.1
a contact 206520.509 207010.038 01 05 160000 0.1
a contact 206520.509 207010.038 05 01 160000 0.1
a contact 255221.071 255532.301 01 05 160000 0.1
a contact 255221.071 255532.301 05 01 160000 0.1

a contact 20940.774 21413.995 02 05 160000 0.1
a contact 20940.774 21413.995 05 02 160000 0.1
a contact 26633.704 27281.900 02 05 160000 0.1
a contact 26633.704 27281.900 05 02 160000 0.1
a contact 32565.602 33029.997 02 05 160000 0.1
a contact 32565.602 33029.997 05 02 160000 0.1
a contact 50284.464 50806.709 02 05 160000 0.1
a contact 50284.464 50806.709 05 02 160000 0.1
a contact 56047.843 56696.627 02 05 160000 0.1
a contact 56047.843 56696.627 05 02 160000 0.1
a contact 61974.565 62312.693 02 05 160000 0.1
a contact 61974.565 62312.693 05 02 160000 0.1
a contact 104574.958 104853.192 02 05 160000 0.1
a contact 104574.958 104853.192 05 02 160000 0.1
a contact 110159.255 110806.719 02 05 160000 0.1
a contact 110159.255 110806.719 05 02 160000 0.1
a contact 116036.671 116574.989 02 05 160000 0.1
a contact 116036.671 116574.989 05 02 160000 0.1
a contact 133830.508 134274.540 02 05 160000 0.1
a contact 133830.508 134274.540 05 02 160000 0.1
a contact 139574.184 140218.925 02 05 160000 0.1
a contact 139574.184 140218.925 05 02 160000 0.1
a contact 145429.667 145929.818 02 05 160000 0.1
a contact 145429.667 145929.818 05 02 160000 0.1
a contact 193700.117 194322.791 02 05 160000 0.1
a contact 193700.117 194322.791 05 02 160000 0.1
a contact 199521.609 200115.225 02 05 160000 0.1
a contact 199521.609 200115.225 05 02 160000 0.1
a contact 205565.836 205821.641 02 05 160000 0.1
a contact 205565.836 205821.641 05 02 160000 0.1
a contact 217382.500 217726.517 02 05 160000 0.1
a contact 217382.500 217726.517 05 02 160000 0.1
a contact 223106.374 223727.095 02 05 160000 0.1
a contact 223106.374 223727.095 05 02 160000 0.1
a contact 228920.247 229506.295 02 05 160000 0.1
a contact 228920.247 229506.295 05 02 160000 0.1

a contact 26632.621 27049.279 03 05 160000 0.1
a contact 26632.621 27049.279 05 03 160000 0.1
a contact 32287.444 32936.856 03 05 160000 0.1
a contact 32287.444 32936.856 05 03 160000 0.1
a contact 38156.960 38722.325 03 05 160000 0.1
a contact 38156.960 38722.325 05 03 160000 0.1
a contact 44120.944 44526.465 03 05 160000 0.1
a contact 44120.944 44526.465 05 03 160000 0.1
a contact 49998.545 50454.036 03 05 160000 0.1
a contact 49998.545 50454.036 05 03 160000 0.1
a contact 55783.315 56399.738 03 05 160000 0.1
a contact 55783.315 56399.738 05 03 160000 0.1
a contact 61586.986 62206.974 03 05 160000 0.1
a contact 61586.986 62206.974 05 03 160000 0.1
a contact 110307.091 110454.126 03 05 160000 0.1
a contact 110307.091 110454.126 05 03 160000 0.1
a contact 115822.219 116456.897 03 05 160000 0.1
a contact 115822.219 116456.897 05 03 160000 0.1
a contact 121650.340 122253.207 03 05 160000 0.1
a contact 121650.340 122253.207 05 03 160000 0.1
a contact 127604.488 128042.095 03 05 160000 0.1
a contact 127604.488 128042.095 05 03 160000 0.1
a contact 133517.749 133935.900 03 05 160000 0.1
a contact 133517.749 133935.900 05 03 160000 0.1
a contact 139314.032 139896.845 03 05 160000 0.1
a contact 139314.032 139896.845 05 03 160000 0.1
a contact 145103.790 145748.080 03 05 160000 0.1
a contact 145103.790 145748.080 05 03 160000 0.1
a contact 151026.262 151356.483 03 05 160000 0.1
a contact 151026.262 151356.483 05 03 160000 0.1
a contact 199371.633 199968.854 03 05 160000 0.1
a contact 199371.633 199968.854 05 03 160000 0.1
a contact 205152.099 205783.324 03 05 160000 0.1
a contact 205152.099 205783.324 05 03 160000 0.1
a contact 211085.165 211564.838 03 05 160000 0.1
a contact 211085.165 211564.838 05 03 160000 0.1
a contact 217028.041 217422.746 03 05 160000 0.1
a contact 217028.041 217422.746 05 03 160000 0.1
a contact 222844.391 223386.064 03 05 160000 0.1
a contact 222844.391 223386.064 05 03 160000 0.1
a contact 228626.586 229275.798 03 05 160000 0.1
a contact 228626.586 229275.798 05 03 160000 0.1
a contact 234485.441 234973.380 03 05 160000 0.1
a contact 234485.441 234973.380 05 03 160000 0.1

a contact 7110.296 7615.271 04 05 160000 0.1
a contact 7110.296 7615.271 05 04 160000 0.1
a contact 12811.033 13473.035 04 05 160000 0.1
a contact 12811.033 13473.035 05 04 160000 0.1
a contact 18700.424 19258.234 04 05 160000 0.1
a contact 18700.424 19258.234 05 04 160000 0.1
a contact 24660.840 25080.166 04 05 160000 0.1
a contact 24660.840 25080.166 05 04 160000 0.1
a contact 30520.752 31022.568 04 05 160000 0.1
a contact 30520.752 31022.568 05 04 160000 0.1
a contact 36305.981 36951.900 04 05 160000 0.1
a contact 36305.981 36951.900 05 04 160000 0.1
a contact 42123.182 42729.368 04 05 160000 0.1
a contact 42123.182 42729.368 05 04 160000 0.1
a contact 90723.300 91078.196 04 05 160000 0.1
a contact 90723.300 91078.196 05 04 160000 0.1
a contact 96338.724 96995.678 04 05 160000 0.1
a contact 96338.724 96995.678 05 04 160000 0.1
a contact 102190.282 102787.581 04 05 160000 0.1
a contact 102190.282 102787.581 05 04 160000 0.1
a contact 108148.640 108589.158 04 05 160000 0.1
a contact 108148.640 108589.158 05 04 160000 0.1
a contact 114042.517 114504.193 04 05 160000 0.1
a contact 114042.517 114504.193 05 04 160000 0.1
a contact 119835.346 120454.839 04 05 160000 0.1
a contact 119835.346 120454.839 05 04 160000 0.1
a contact 125634.539 126279.724 04 05 160000 0.1
a contact 125634.539 126279.724 05 04 160000 0.1
a contact 131638.978 131793.045 04 05 160000 0.1
a contact 131638.978 131793.045 05 04 160000 0.1
a contact 179879.366 180512.259 04 05 160000 0.1
a contact 179879.366 180512.259 05 04 160000 0.1
a contact 185687.466 186317.222 04 05 160000 0.1
a contact 185687.466 186317.222 05 04 160000 0.1
a contact 191631.241 192106.531 04 05 160000 0.1
a contact 191631.241 192106.531 05 04 160000 0.1
a contact 197557.179 197987.993 04 05 160000 0.1
a contact 197557.179 197987.993 05 04 160000 0.1
a contact 203365.100 203948.887 04 05 160000 0.1
a contact 203365.100 203948.887 05 04 160000 0.1
a contact 209153.643 209815.206 04 05 160000 0.1
a contact 209153.643 209815.206 05 04 160000 0.1
a contact 215043.681 215467.282 04 05 160000 0.1
a contact 215043.681 215467.282 05 04 160000 0.1
a contact 0 259200 01 04 1000000 0
a contact 0 259200 04 01 1000000 0
a contact 0 259200 01 02 1000000 0
a contact 0 259200 02 01 1000000 0
a contact 0 259200 01 03 1000000 0
a contact 0 259200 03 01 1000000 0
a contact 0 259200 02 03 1000000 0
a contact 0 259200 03 02 1000000 0
a contact 0 259200 03 04 1000000 0
a contact 0 259200 04 03 1000000 0
a contact 0 259200 02 04 1000000 0
a contact 0 259200 04 02 1000000 0