a contact 7110.296 7615.271 04 05 160000 0.1
a contact 7110.296 7615.271 05 04 160000 0.1
a contact 12811.033 13473.035 04 05 160000 0.1
a contact 12811.033 13473.035 05 04 160000 0.1
a contact 18700.424 19258.234 04 05 160000 0.1
a contact 18700.424 19258.234 05 04 160000 0.1
a contact 24660.840 25080.166 04 05 160000 0.1
a contact 24660.840 25080.166 05 04 160000 0.1
a contact 30520.752 31022.568 04 05 160000 0.1
a contact 30520.752 31022.568 05 04 160000 0.1
a contact 36305.981 36951.900 04 05 160000 0.1
a contact 36305.981 36951.900 05 04 160000 0.1
a contact 42123.182 42729.368 04 05 160000 0.1
a contact 42123.182 42729.368 05 04 160000 0.1
a contact 90723.300 91078.196 04 05 160000 0.1
a contact 90723.300 91078.196 05 04 160000 0.1
a contact 96338.724 96995.678 04 05 160000 0.1
a contact 96338.724 96995.678 05 04 160000 0.1
a contact 102190.282 102787.581 04 05 160000 0.1
a contact 102190.282 102787.581 05 04 160000 0.1
a contact 108148.640 108589.158 04 05 160000 0.1
a contact 108148.640 108589.158 05 04 160000 0.1
a contact 114042.517 114504.193 04 05 160000 0.1
a contact 114042.517 114504.193 05 04 160000 0.1
a contact 119835.346 120454.839 04 05 160000 0.1
a contact 119835.346 120454.839 05 04 160000 0.1
a contact 125634.539 126279.724 04 05 160000 0.1
a contact 125634.539 126279.724 05 04 160000 0.1
a contact 131638.978 131793.045 04 05 160000 0.1
a contact 131638.978 131793.045 05 04 160000 0.1
a contact 179879.366 180512.259 04 05 160000 0.1
a contact 179879.366 180512.259 05 04 160000 0.1
a contact 185687.466 186317.222 04 05 160000 0.1
a contact 185687.466 186317.222 05 04 160000 0.1
a contact 191631.241 192106.531 04 05 160000 0.1
a contact 191631.241 192106.531 05 04 160000 0.1
a contact 197557.179 197987.993 04 05 160000 0.1
a contact 197557.179 197987.993 05 04 160000 0.1
a contact 203365.100 203948.887 04 05 160000 0.1
a contact 203365.100 203948.887 05 04 160000 0.1
a contact 209153.643 209815.206 04 05 160000 0.1
a contact 209153.643 209815.206 05 04 160000 0.1
a contact 215043.681 215467.282 04 05 160000 0.1
a contact 215043.681 215467.282 05 04 160000 0.1
